526313
508763
167575
838
9674
306
514710
210624
169525
468366
491622
428444
456650
26196
56156
23943
1378
96
25848
590084
1901
87148
60479
42981
315196
28857
430029
128452
9844
41971
12698
269340
589187
24458
485903
16390
28856
30526
86782
57745
18451
18451
438674
477016
32387
449985
51248
209901
589812
524787
589795
589811
589594
6646
55544
49446
324326
315439
550273
10929
10929
414018
53413
250667
392253
72309
461757
366249
76216
82362
43715
14735
566228
61711
424783
504172
554600
27327
51371
79699
79699
312797
42619
200511
23050
90122
513236
11621
12429
122293
12663
546230
10515
244001
44129
69315
76091
61622
18032
80560
450001
418472
528949
529207
428427
37316
329263
233063
27150
13666
69015
394741
498743
433499
507220
4564
42251
25566
36492
40578
411606
17898
399361
37992
31650
26333
10724
507313
53426
429197
59843
505914
137662
13522
13491
19058
57829
94887
900
16248
40578
15945
29052
18759
48155
63749
26682
48015
71
32450
113329
178946
486684
45006
577340
244580
467384
342472
492713
411606
547780
426563
571551
16211
51856
542836
559395
344170
487740
295490
280217
474118
91847
50632
586347
91845
47313
476651
458759
32613
31462
308
401200
101651
574162
539797
509594
537190
461767
585213
586311
444395
15196
510689
564082
465914
297802
43093
9034
43303
458759
32613
14411
44179
10984
533
9264
411139
10164
21564
6312
400650
415311
534313
30840
35711
5820
42018
31462
308
467673
260646
427395
35080
23330
436053
548764
9272
31600
57258
548066
538207
42077
58699
10320
14172
10350
9538
8329
9534
71070
176813
458506
530254
436939
45657
11908
58985
14365
12483
9101
40824
296206
128826
78235
14040
485811
539397
10127
467673
502791
421879
584127
10132
9946
42795
39545
80591
76082
24565
2047
5852
12506
19092
28029
5146
9311
361283
472751
10597
9534
541611
517380
507612
323673
475215
276601
25527
71328
477906
435268
14372
449563
520369
29146
458252
548756
399440
564149
490033
472751
10597
11901
584044
551653
506558
426249
504321
474214
460989
2525
426034
505954
457943
484482
253851
548762
49237
488740
583584
507
495829
68171
20472
523640
552117
173908
416530
13561
54702
376580
501622
46304
21453
35170
26851
6619
2669
324857
511014
583584
42532
10937
55562
504599
306755
583046
503616
392135
13439
18080
261768
375343
429202
25993
8348
592
52338
514782
10105
33218
5072
381071
373472
582542
81001
582641
47541
42676
529362
35275
441168
466532
149
10635
19855
317119
57351
566512
51043
2669
324857
511014
27984
16555
21055
492452
491418
490132
583024
228039
342464
4780
261
46503
11829
9394
452832
435841
479226
327746
223944
377269
18462
31945
434555
457136
338952
569980
532444
582131
14881
92233
513421
547491
14114
129357
517166
330530
30675
526
60643
10547
61202
351869
10367
40879
11523
12158
424651
77780
514307
550412
463364
573931
17210
22855
503314
515042
6523
10070
220882
375262
480530
13715
46713
517839
404368
574761
582392
502406
10622
504080
360328
435107
580914
580773
550103
532656
580773
550103
532656
580001
534094
535320
14557
516579
42023
401686
350845
299
916
513434
396724
553080
580719
543726
32456
14057
429727
422792
530081
554739
567860
533992
529210
476764
551824
552390
570481
472685
540842
553250
395177
520134
445867
496708
455643
567979
375785
361203
2079
502159
565846
483351
2140
438438
560066
447027
24010
412605
484437
532635
580494
295933
580431
508114
375588
502145
524625
507076
29617
579574
477654
506072
100589
8291
16295
496076
579305
520576
438799
16094
33641
433941
30963
22051
496708
455643
567979
26854
42719
459928
469651
514755
448281
9102
511541
499792
531384
96826
53419
579437
79827
83310
140974
10445
279388
576938
83001
522449
551910
463684
321143
163936
258108
258071
481061
131761
115309
325164
578983
557648
142148
10494
859
29400
18069
510284
574883
570352
502220
6346
15119
119023
258112
258130
258072
63113
74441
518801
472645
578839
500869
257852
19760
129248
15080
21450
428078
11113
25666
696
68173
484428
552359
491584
571656
577549
44772
118653
530624
422929
1939
711
514619
491472
49600
7548
11787
17707
5143
3980
343
413667
499555
481203
15338
69069
925
577826
480923
507660
555530
578910
486011
425591
18228
1725
573641
10231
212067
141977
577489
128437
396599
63374
416196
113208
442547
337268
145966
252624
141666
252941
31246
11898
578910
486011
425591
547654
534780
9542
16642
16
410126
28368
493900
11562
1494
475132
300681
475
851
10362
13538
643
472054
341366
456648
74137
128368
575190
281168
341735
33602
467342
497796
41153
206312
460578
497864
462313
555249
224905
263794
360920
401469
537751
424694
517331
449848
489984
33197
94525
9697
506763
70627
14849
483184
119586
494603
104531
465241
108218
323555
471939
461783
414777
110345
216163
543583
526775
29396
22189
426543
16366
10555
446807
58194
449691
35780
53157
29722
328252
440444
230896
50719
503207
412662
576599
537138
511789
459970
558912
50962
516630
56672
1406
472715
31511
327370
460321
553882
413308
433249
30060
9395
9411
35992
493106
466565
126376
487672
45048
70098
69007
31967
47259
513574
35669
520360
13398
222
33668
21489
514407
316410
29060
101176
172767
472640
452000
49853
12233
575410
558589
575389
575314
489928
12278
472451
461928
399402
332562
45793
31337
30977
481954
17710
63151
49745
4375
43148
18974
30289
30155
17101
361292
297725
25628
391629
431491
48650
66923
106337
483006
537104
572851
530157
545963
542480
28238
18569
390874
40161
31569
14968
90646
42703
72483
102222
122372
75004
45035
140212
533991
20770
408508
297017
76
12914
475094
74924
536115
118408
4910
536176
499273
12530
63100
28295
489991
552180
128841
34838
30998
510469
88264
573632
519729
506902
527952
451919
501630
1807
479040
108049
573443
95767
36573
132020
408422
517324
517317
429918
29263
42589
25553
23939
19947
422742
435690
36572
573022
201898
573063
562685
96714
61984
505513
10786
83015
489934
451915
572478
498109
572467
12120
17402
184565
39140
420472
279733
138
521500
59210
34583
28692
34078
33931
43821
357834
99494
365997
22731
315024
428099
68878
77068
33357
43944
449459
561362
567738
54430
19759
545612
539517
509767
517042
418744
16912
21871
300640
121598
94671
23174
249238
26334
218670
49347
19368
21246
542787
39868
15476
40368
24053
424600
36224
654
13435
401513
12702
532645
340268
426618
572000
417812
15624
429203
45017
165567
123174
24833
283686
14862
15483
359246
26201
13187
1825
10044
429450
569547
33345
21373
30162
35830
16455
32068
520596
43153
31996
43145
121238
65014
568021
369299
18707
145312
30374
550385
18804
555850
10805
535214
488397
550655
397717
482375
570620
517320
51543
219054
86252
42493
38751
4938
28426
551190
378310
47045
141679
31661
10744
10863
118732
26959
432507
69544
62143
44100
32021
43466
40095
436355
374471
380623
26517
70106
36555
42090
287859
531380
510028
214137
512218
570525
416724
359968
23076
498598
10620
75947
57537
50953
37607
378
84474
420915
524738
84993
141423
30308
10617
518601
569506
18758
79509
17918
16139
32007
19963
38783
569381
532908
13205
440342
26932
569367
446021
483104
64782
546898
566810
429476
433694
437586
567138
569815
355196
30554
540727
118534
200481
265189
130925
438444
432285
450829
424139
440161
355338
258152
483396
286192
24798
434767
46124
11025
483411
463272
7219
17379
336
10173
1499
1497
9555
366696
486947
534598
534598
526313
569345
118300
4281
115131
405774
9075
522320
271331
6037
1498
8913
11037
546728
15691
36355
42230
547681
416194
568344
398173
471314
550247
542883
512412
426426
568274
560704
440792
485918
381081
554954
561155
527246
515411
568242
493003
561230
561556
369972
458310
568065
318973
568123
567665
441965
435033
567920
477634
32075
438808
481533
567524
435557
478427
567957
460071
489996
517769
454293
518158
472591
510041
448561
567681
567685
542905
567666
548537
461496
567664
567662
564568
472686
407390
484247
9714
357681
457041
125127
36739
375282
46026
43841
50856
108668
42299
9086
25599
50914
43128
442062
446101
502385
543772
454151
465929
454312
21168
524788
43351
42736
567204
499028
472734
565839
529982
407436
321594
560412
464870
15810
73462
499730
401545
46878
107443
445224
57008
516850
566879
41616
464745
562229
20989
199951
566876
42121
548064
566429
562334
566556
511689
457312
564675
566611
566668
462115
505003
551809
474002
396461
470820
446696
455403
459974
12525
454652
559281
448557
566615
566574
481117
533527
548887
37650
549671
532868
503752
516742
565932
566114
557658
533274
489891
416602
566182
490168
421760
371042
27280
554476
62033
87342
494900
488621
564766
9278
446894
512747
535437
550216
511858
462613
455842
472025
508006
497622
461923
557818
502141
547965
554220
489136
525554
565762
553077
477794
512701
515920
471288
552858
525041
71142
27545
556075
28421
437081
502157
14384
481845
43192
33475
26525
15360
29453
487786
965
565195
532944
446131
526510
565339
335983
463821
487635
485313
506680
510079
17170
346910
20443
226140
18835
49365
21454
413543
464850
47735
14906
797
514201
38761
478149
614
473706
13222
481952
565243
516834
554979
28289
49225
548162
42267
468817
565604
118051
40549
474383
39209
55650
542460
304816
119421
304081
30734
18890
7091
5968
11536
10612
14655
11157
269198
11617
417688
1955
11112
29444
468219
26326
105130
65092
47721
78360
78359
51143
543580
51141
97211
564441
106122
555058
437103
489471
1945
2383
5961
60899
419407
13595
422027
12538
13005
19053
11602
47474
41556
21539
11347
22307
10486
561894
18333
405551
438339
563801
42602
48145
564009
26372
563799
96118
490000
70411
39284
527435
47473
11700
26005
42152
389972
479718
558341
239
10238
452313
29455
11506
490
563388
12761
563588
563289
12520
412988
465501
281315
455974
464911
539069
9005
548063
467839
483554
189817
458594
439079
563341
14035
47866
12890
31997
12085
17809
11899
218500
4998
10410
9540
22640
9099
2185
400
13510
44147
562462
11175
25568
104327
246337
561498
505464
99110
502143
554152
548928
537996
11481
11971
422619
14533
10543
577
457243
544431
11896
11286
14635
11880
11075
8866
11472
19918
10569
17335
14282
556803
83223
452004
562618
536566
397619
403313
44875
264525
470044
16406
95114
28058
561927
561859
480410
561406
556173
561546
532636
517792
561543
455108
561589
489999
561710
561606
15573
544431
561504
466411
547454
11158
487451
6623
9944
11918
27275
1809
38303
10185
14976
4967
11355
11005
10948
4806
8584
23127
232659
492998
14127
14208
14207
14728
456541
464825
486753
67669
439988
28292
253139
458414
466928
10447
378227
41639
72086
59930
65610
279048
480368
391863
34845
154266
390249
409056
392628
447617
56787
97544
176915
47540
18651
42006
9605
436369
402516
440486
479746
333809
293188
435036
445218
136075
499161
451925
502124
454227
526034
448447
560760
548754
484355
467241
469036
28288
23210
559994
467239
560034
447954
105680
175291
17466
555845
16690
496985
393306
29077
505205
42735
462440
503751
559982
39044
541071
533654
287523
559578
559814
559740
40017
554110
477510
353081
426613
425505
455207
485906
8852
496490
33783
423383
359871
27960
11052
33195
9782
31530
11632
18585
12994
549165
478159
559087
120648
20325
420513
559043
55657
252511
493483
252822
484062
359749
299782
478554
565497
47333
345470
437617
553686
549893
13913
454430
490780
327315
538002
15947
12717
458969
551608
513510
28750
558612
393961
507525
552950
514754
15071
13579
9093
44564
86555
165477
440298
15745
14369
36691
13090
11529
14462
464
410988
518068
433623
427989
452914
558302
405899
558435
372197
557080
507648
498934
558308
430424
354279
491487
558117
484579
496320
489992
478682
446132
557862
540880
346145
557656
557781
464749
503150
547112
552376
533137
345887
433498
347375
345940
16447
419914
430644
432383
299751
35144
85550
430406
508003
17037
12259
445245
460735
432831
41799
46919
413836
430474
472269
438468
450417
425840
469736
523931
552477
557451
12255
460064
2103
11820
9637
11024
14171
9682
10025
7985
20066
95755
54445
15676
15019
13074
2728
1989
3638
137174
420814
452928
399360
428015
28425
545816
551554
519337
525460
521934
505826
533741
485340
392407
506752
2012
522417
555949
298037
471616
529646
542202
345934
471310
462469
515387
543745
462593
438590
13160
25704
52505
38753
12572
29920
38093
73358
63574
94204
529881
15917
86645
44465
555853
543638
489327
458344
556196
53113
555914
487558
496681
516082
534338
518514
517596
423985
334536
63907
416574
493623
35169
14940
31121
15809
34803
89857
13254
182873
1788
14819
34751
8012
5375
459845
468735
11442
11675
11361
11357
469108
502422
493441
454546
9529
463322
463158
555031
260513
530454
556104
11951
38961
10869
501987
13391
50671
12192
13967
43943
9969
9839
14390
32678
26391
68184
467824
554175
463022
317118
283601
446695
449992
426375
488447
10678
50204
5857
223269
274007
311093
491851
22492
24920
8916
31863
492638
25562
550302
425218
21301
454992
439015
340613
528210
500535
254298
46420
12150
13997
18191
14199
13022
267283
13256
292022
531597
491277
496274
491474
26044
11853
552707
513729
554747
421625
515237
9051
62522
367544
8675
11092
10068
477033
3573
427900
21874
49452
496328
375909
424585
5956
478484
20530
50247
20531
55192
55197
89484
10611
473309
552259
489930
445456
346384
489852
187868
537943
526051
489927
507618
522438
448095
482088
424121
31428
34991
15716
16296
14237
21544
39486
10632
194817
11906
24418
983
10712
2000
25920
513736
531165
553354
491629
445768
433419
431391
553224
550418
503755
531647
202175
474354
496466
448804
74759
474395
77647
476929
252772
455340
458423
424781
500921
490005
36351
482121
448764
427214
16126
552637
459667
83980
22613
44695
78140
546476
553336
42526
3122
33020
2106
507256
9837
540638
451997
109933
79008
529981
436167
21811
467306
440319
552468
513243
427562
552453
505063
376233
447427
506025
458342
481375
503838
512098
485591
429070
407447
10779
11198
473920
550860
46317
551901
551905
551947
493551
551547
551918
176762
505058
441647
26205
510616
446841
406104
191461
473902
551735
549214
497557
29872
660
19378
430450
75759
658
37425
324562
505010
546600
443009
10711
4512
119575
9793
408
551079
480007
513427
449550
28324
445651
480245
440125
551936
511972
488637
551535
496186
512936
363088
428399
18886
409549
551517
28156
15855
11298
11890
395841
470894
505860
365240
438145
53287
530471
12228
518764
403032
39927
522101
550844
360638
657
551237
470614
446462
329841
406761
32274
283589
39986
532653
397003
443463
442236
489925
11446
42722
528484
490082
489988
523849
27452
10081
373209
550286
421044
540928
20776
28294
302376
30577
85160
27523
494593
47430
54195
61943
339087
265449
30996
317219
301846
454439
41378
519584
354083
396321
400155
19120
471317
490696
468698
531398
502799
464756
550172
550134
548786
33015
25834
11559
532973
467240
32318
460555
73125
133919
521862
531208
451877
490575
519255
29562
441766
519035
523773
8208
14911
47908
22440
52677
549422
506640
42739
549429
544827
33633
22692
32023
198
29478
16411
29243
18229
549218
524377
196254
123359
168864
29242
83013
28436
32275
931
26167
399896
28392
443849
516784
520930
461813
487088
509563
337270
43844
46983
4024
548998
510095
489567
545136
30576
21393
11626
27598
442249
456929
3055
159220
44533
52770
10849
49261
26638
510034
548921
50042
1731
10093
476789
28424
47088
41135
17421
44678
18815
512768
254578
404831
15387
24422
50765
17320
45595
56913
71741
53070
43937
502167
42479
376812
489634
420426
155325
382380
493110
28176
427347
435097
468362
545634
431185
449454
548257
456178
452731
460885
421658
548204
483315
337426
30197
29565
43142
470819
492258
10097
269494
47386
159109
32220
19316
410206
17282
25329
13078
26978
14544
483545
538362
479970
200976
28433
4175
11082
474335
470333
548
11620
400535
450281
154989
436816
93424
13428
85545
18387
347392
13562
522317
525914
27709
29128
497916
355066
467936
2769
348350
127564
5421
11259
36837
122198
530442
82884
416186
480853
501851
417809
94066
12548
547267
31646
4820
530458
408323
44698
16780
20196
444608
5898
84847
25539
10753
11244
456063
462919
523777
461773
450005
478100
514277
506863
489929
355193
43049
498596
514690
382591
449751
7859
20585
448565
11202
2284
473317
5680
43974
43771
347754
16241
381237
447200
28070
38225
449498
492535
362676
8052
399220
527795
72160
63020
5965
518565
21014
537931
10763
493443
464737
18573
462963
3111
546391
24929
486521
445744
20591
468208
473336
419727
351286
509624
364220
404782
520466
1125
478741
426865
41817
526682
542694
537153
40210
437029
14019
56766
46660
44629
46562
5486
485856
434596
531593
531145
472226
420634
17465
42546
67742
4644
13762
46812
13984
525057
434362
574
17664
38006
27644
11773
28501
19357
9056
16638
11349
8691
10276
2926
16858
45715
31923
296012
442947
44946
47467
30628
30140
60011
30388
140394
375860
77716
65632
98932
302444
96999
188588
456086
493099
50135
104528
471860
199570
41592
30994
345916
516503
412743
537617
500475
424580
451764
359156
422761
539985
25723
13153
13405
18681
10544
11099
15213
207768
132137
47062
512926
54121
21242
39973
50497
37565
543626
471429
272636
430035
28676
45007
3543
10586
13550
11059
13342
75520
434218
44808
9651
11413
646
1598
11660
2100
11011
394830
538604
470229
447957
490004
95608
490003
354287
1700
1544
164
459910
13161
10501
457262
7518
11619
4538
441889
1493
15775
4935
44902
35
8393
323661
10040
337674
4995
391
467679
434520
543140
402900
493922
339526
39961
31933
24554
25587
24102
17337
19165
25556
19164
46359
385448
351242
253310
447856
391757
1251
10426
471105
533550
324183
449575
63224
467012
419473
470918
65503
96404
40064
3145
21967
437108
27035
29048
235798
648
104606
25355
73303
466282
19662
480531
10690
534344
24014
52868
4868
38084
527427
421792
455839
341287
458027
528095
491132
12501
18727
429300
433637
489931
500664
71141
32825
433503
537347
506053
14652
34012
46982
48169
25445
15749
48301
33061
33138
41166
9966
326382
46691
16825
27459
88875
36194
295011
42476
446830
517015
438459
42453
44864
40435
41426
31948
8690
48139
454283
23096
38291
1554
10549
9422
9641
58235
502682
455980
9880
1667
417871
378064
3777
413644
7012
251519
343674
9603
11130
11477
15785
10688
27079
11429
57276
375170
185471
436274
475618
21461
16028
396622
130933
116303
66013
10562
85498
459008
467632
5503
43691
302429
425148
9346
7278
9007
230179
383498
11465
34637
34814
16159
6393
9079
44562
36095
8771
10951
21531
391710
114542
513347
13210
19004
451480
454286
392918
15771
486937
429194
37238
40639
26661
270759
425373
519834
539619
467192
474359
352729
42211
2612
298833
56157
536056
458737
363586
370969
367428
104310
537542
9028
11249
40716
539498
413471
324670
11770
183011
290098
419479
613
299536
36576
340027
357424
335788
417830
256040
9567
9655
376570
351460
370663
350312
152584
11212
284427
37710
419639
4547
419206
372758
276935
37938
31962
26758
437739
38340
537957
470821
373072
42617
414191
13649
365038
436973
10947
529649
427025
13168
14551
350050
14746
496297
426251
386825
347866
324538
1579
365222
383785
417678
455954
435366
351739
458005
401272
2690
457775
511815
429415
12153
387426
14337
432527
465642
391714
31913
455401
508018
25736
11605
11013
421555
24807
451422
535340
497814
42309
23761
10011
254418
67729
271706
492631
43020
470390
10381
34604
366617
449535
531664
531949
375107
503346
448776
10861
24657
912
10413
3513
13225
29239
15516
107896
25915
26009
88535
118385
57662
519253
22969
441592
90523
31498
992
508747
400579
508747
400579
33638
9091
533743
5334
9594
12079
780
204
11697
11381
6073
241863
493100
413576
492719
391912
535488
429417
385360
9494
3083
158820
44591
220638
5765
64129
18929
95510
89340
21968
111642
50085
104237
361705
112257
534169
479198
500268
29129
146578
426634
66664
435848
498214
521926
12780
32612
533972
157005
453270
492783
535076
535280
19277
302
28280
20525
414454
449019
532875
9820
1580
8224
10092
510883
446289
497328
536049
524789
503420
476335
454619
438689
532163
415381
475210
534235
33789
11870
25532
19312
436458
381065
58455
352548
104194
9446
114735
55660
126243
536081
108213
83122
34996
33441
29111
5497
456154
473149
430231
372782
332718
432836
523446
468287
346652
311307
69059
27318
534414
534205
508839
527948
463986
414935
9526
339406
385955
511343
462181
64650
39261
64811
31527
453278
42943
875
522882
192465
34474
69326
42641
73420
419743
465545
476634
50022
533509
464742
453404
499319
257648
526224
526475
421131
10994
433620
522393
406625
17182
479093
326262
369168
110504
476622
23128
510162
401650
533165
441909
63443
34479
83124
19259
37227
487660
85398
29130
110671
9981
99424
13551
449132
434221
432301
426814
467952
411143
399725
474051
25053
57510
83890
287426
333696
444539
407439
70496
11656
16084
9822
339103
460668
25142
61802
431017
426258
47901
83359
469035
17685
29424
17136
521646
22480
20759
280492
14267
477652
396373
468210
408873
359364
413834
447332
44963
28071
1444
22314
37582
50011
183
402737
76868
85942
115549
26299
459258
467915
38557
238713
414770
377274
412280
290550
383208
463116
429195
452773
425336
468703
338768
468284
27811
362202
364814
10057
253312
370928
316015
280874
31535
332439
315134
60695
411082
43530
443476
74436
333339
9326
18781
23196
33310
42725
476299
383585
500203
407720
399248
528998
470135
457251
384677
412302
440471
460910
54873
451945
399174
451955
531101
27064
370187
437557
3112
50627
8316
79544
11167
20126
51409
13162
426030
487670
399796
427641
11031
435577
43196
71841
42481
36797
53906
43654
43114
7008
221449
20108
450654
426240
504982
5434
227877
62570
22233
42342
526746
506407
472921
16563
347097
462077
8326
482650
529736
43253
479495
426243
278265
412363
376459
358962
347030
435218
528911
464502
433627
83354
17591
253297
42242
17132
397334
252728
511785
422128
340249
450519
457258
500919
448916
39285
42855
55741
417501
424632
517289
464502
433627
293006
519804
347344
529358
478528
314569
39557
347763
36089
394047
384687
11847
344147
37833
25661
144716
37342
376575
378080
476968
339404
370567
467917
421471
419478
407440
2517
19874
103195
465136
297733
434392
510096
516237
458140
492888
466876
438283
18872
44582
107387
82407
31221
352078
66043
50567
352539
414001
251749
26715
438259
470878
527942
161495
3116
43232
18420
55784
275026
294825
376357
332283
455714
468320
438736
469916
108737
70011
108545
10778
14149
309047
315841
39239
98491
150014
49684
28153
417643
407451
11021
438634
11416
11209
10722
12637
40729
418098
489939
429886
433881
518200
48451
84251
128244
343807
399504
9017
28155
107430
43329
491846
440424
430040
480394
467660
449176
519956
338970
42950
427008
470360
516065
411135
436494
463053
18220
337104
454615
341689
475316
522703
340022
397722
371608
395990
429107
113629
293425
29407
477278
302960
339158
45767
185738
337879
440345
183361
410596
416691
401905
11607
549
3210
403368
53922
38649
460059
30855
456897
438461
525102
256199
438783
525097
27770
517581
418143
213983
454033
89494
40508
42450
29817
340674
13440
746
38558
437517
16314
75752
36236
290825
175
460118
268896
266466
429191
397601
84642
72241
20980
487702
63744
76697
443686
452531
453364
413332
513857
399169
457685
521647
262481
469721
466169
523519
19
401981
464757
11427
407890
522964
450766
416148
412003
5156
254280
76694
438466
15023
1665
505011
522758
9277
996
20453
423646
523792
263132
140870
485894
495849
385332
513324
518416
105001
456565
387592
454983
516321
467938
438488
203793
103663
60243
762
343459
495193
521720
12171
41997
458478
24778
28509
492164
460648
213
670
37257
832
14919
284054
582
599
74879
11216
65497
7508
194
412059
436373
440317
461931
353576
450608
445571
396806
511449
13248
333676
488468
449749
21260
383442
513568
521639
453201
474392
503758
499088
469715
9037
434616
442709
12477
455565
488342
28
350837
360814
77338
505418
484586
381935
465109
401121
452323
401359
520276
490453
438440
598
485942
25119
496704
430011
507143
2655
339346
78715
316618
34689
11337
129
15363
24559
10972
4587
637
436370
483987
337167
65448
277386
400020
475242
407365
406990
11009
450274
42160
362478
12262
1888
479626
419109
11368
290
465155
476678
15997
333357
383354
14903
479263
41566
21448
22643
308805
135717
80607
26730
459959
15653
52010
365886
23518
463325
432579
11206
393765
50838
339419
419635
8333
4909
330982
22477
399131
519218
20007
14675
314405
20242
442842
381719
14448
486882
81556
452410
518809
417261
418667
513691
63260
56431
92657
22356
1443
497520
391719
518753
302865
19365
104451
388994
505618
360606
43309
157321
38802
25606
496245
221562
115473
432641
497727
384680
336843
449443
435601
36754
95467
6575
28699
478326
274894
487242
418220
362826
424284
315899
308149
456048
375327
508404
406110
497984
515801
471399
480973
459214
446663
489705
463593
38142
451995
408490
450438
447163
447180
446354
431572
398181
77235
10905
70829
136984
34482
426606
267793
108542
15012
298776
403853
54112
107625
10330
11478
435126
500634
515333
460216
467867
206277
13526
73208
1672
51104
28409
77257
24005
49397
15805
11471
453203
453289
458109
495029
27360
19766
1957
348896
18701
467432
513285
472805
515815
29076
362226
9621
16651
318852
196065
355173
429351
399035
434376
481367
462723
10894
333653
37641
474753
416494
457703
447904
448194
504769
476046
413416
463602
411805
15648
26798
332280
410537
333123
451563
502122
337085
376582
408866
39925
294083
19176
440034
476926
417611
59050
399031
374671
459225
430447
418327
118536
1815
473256
31100
305969
1835
148343
513224
357054
451204
514505
467519
407449
502140
455185
400617
47369
513662
467916
396371
11888
27551
434775
465240
63077
9696
461777
48205
485925
412000
476996
473397
446164
464331
506319
470831
446791
459530
442064
485464
449927
456750
419831
426257
436830
168228
43396
21621
398174
249151
258284
18123
29691
348179
270458
265193
305309
417442
430604
273915
354861
505177
316029
406563
296879
13797
474104
447380
111039
381041
324276
50026
372107
360737
413852
414187
502426
63618
26174
67204
167119
53581
83791
460557
383709
290235
89753
466421
90756
356332
79056
153436
115376
174808
367966
119892
44224
480432
381902
15068
433422
26302
457402
29972
437543
447665
255554
81836
36786
59296
394185
20330
445004
505524
338509
464879
20620
57521
82631
9462
25050
11300
25504
11712
36843
300668
20347
10416
476015
428495
401732
39263
32620
49980
454699
22267
11305
15389
2148
10373
34379
20663
447358
428081
181808
408542
199928
390059
505579
505175
441967
42632
370301
413727
504997
509934
429460
467924
345935
347111
355547
446827
353616
492621
301337
480603
353066
267767
454648
353486
1417
397567
26237
76000
15813
188598
21296
1430
484917
28528
59110
25126
441906
17835
508648
471615
440055
471011
54133
30785
5769
11639
45712
20697
11177
51241
480881
405174
447352
437375
346648
432615
472424
436305
109
108
110
567
429174
432976
441701
437623
43008
368182
232242
396121
1994
426958
216156
463940
389015
273743
435129
507476
507892
461714
323368
422615
411976
408483
399055
364689
438734
344276
503517
423236
487620
152715
410661
438436
23567
11414
25018
2470
14823
366964
57413
111083
389627
246749
429467
47850
401371
10440
30295
1093
447818
401561
401246
475961
454650
409582
488623
396899
440777
300687
457832
401326
399366
429189
433036
371638
450322
494058
393519
411020
412213
421560
343887
468213
481942
480465
426285
449253
378108
374458
436391
70259
25028
44534
72163
402897
452558
483980
406668
475759
437068
484290
453127
444149
470472
434203
392011
398177
472744
359940
401285
414425
345317
393559
375315
411019
391713
40885
406103
414372
314400
449757
371743
473072
471919
85038
398738
392807
380856
407719
505159
34155
337703
413857
414453
398818
411141
452551
462145
372058
413580
429200
428584
141052
390295
438457
3786
345923
381075
457665
82929
18691
426284
462883
471474
399404
503656
472338
394537
391486
424408
392553
346699
494264
464876
384521
394117
395991
428493
406997
470205
441762
419835
395458
413362
400637
428446
471014
473415
253262
396093
396398
413990
405204
401898
445040
406112
242606
433310
429742
458987
396774
433808
494682
442353
345921
434129
455236
354912
392044
491940
471058
419680
464566
456781
459202
64071
415312
419709
399057
298250
274855
470385
441728
16191
23102
60573
310119
26337
375573
73319
43838
499
433252
485504
449755
474433
470114
339161
451751
485415
431530
431339
452507
400106
284053
71689
413992
484889
353575
436459
397538
457265
347629
3701
420622
418680
317091
480572
487387
339877
428886
372343
440021
335984
31556
316785
459068
47947
49815
271404
335360
436352
477623
407445
412547
467433
396777
428501
19736
11616
346364
37935
31658
387501
438435
400710
290512
12489
345287
66035
271393
356483
2721
23333
201478
51442
379149
392982
56137
390056
6556
398175
411012
431867
390061
369192
422821
429733
26676
40219
457308
425980
414792
274862
300665
395993
423899
30719
428845
294
381283
98568
11821
29425
450100
484886
28881
374720
631
401689
337170
13377
57752
29942
347755
299221
476275
415401
407448
343668
13766
406994
28415
343369
455675
477201
432942
51980
424062
450806
383256
11861
40957
1722
9791
1717
28605
79113
464882
339994
362058
415842
16367
396940
426410
401123
257785
395814
399170
79716
203835
11318
41003
67642
390043
339964
21588
408266
12623
426238
41357
426256
373476
409617
418235
369300
32054
483205
443055
399218
375098
340270
458836
430682
335777
403431
395834
341013
38939
23101
1162
27646
416160
113843
371741
104205
61653
479475
336000
390062
411741
260514
444193
404733
30069
44941
38410
52758
11824
430354
25010
339543
474063
450932
382127
359784
420707
252164
429662
375183
357411
480948
281338
396422
417489
453807
378236
399256
399372
339259
407794
353491
365805
353440
444902
403964
367462
417870
411873
347984
315635
301334
352372
375867
449700
428252
457710
425972
399019
440597
255714
386128
356021
63861
369912
295050
393345
345914
339403
272820
340487
460789
363992
363126
476841
287982
39341
430419
382614
409164
13376
19740
336890
441531
316154
188924
313943
428449
431259
86822
419315
324852
223
32030
26371
43308
18775
399790
269795
403119
335988
350616
284995
427648
460790
166426
14755
11060
15582
425751
13105
12628
357851
409297
444315
410554
426230
393561
432787
268531
291276
333384
86214
94393
18943
32685
424488
402529
353452
10604
355277
400649
293768
416477
438970
408355
21332
28145
448449
297762
42988
150043
31980
408648
381518
418078
345692
354282
473165
282035
472726
414455
397422
413998
410117
433630
83857
39800
455551
339846
123770
32042
465171
460846
443109
33743
37954
423988
392818
354285
57978
364733
433356
11374
283995
4927
388440
464867
13554
315011
433829
346558
405775
339987
424998
425134
373546
126889
348893
373569
401546
339692
369894
274857
461054
443319
413788
415633
454774
431392
420260
339988
353070
442750
461053
356301
336455
347882
339967
50153
68684
413762
30141
27225
334893
368942
452068
418437
315837
400928
295693
59065
10163
331392
76115
433621
295339
275269
354859
340442
334521
367147
24248
279254
240341
333354
437783
6976
443297
293167
9699
440143
27585
31941
6081
391709
248842
22327
16072
10680
10671
289222
461515
345915
412520
381032
400136
314095
37264
37527
22004
222572
404516
413391
337339
340101
224946
76812
137116
20003
1937
26286
25234
10657
403570
18892
334522
330947
305470
13701
376530
417644
436932
451644
387
341006
395992
399231
443700
346681
55863
336683
395982
387399
425774
9545
35101
113736
410876
17134
450945
353569
324849
324552
65799
26685
60285
186869
468591
10780
13689
401065
416777
301372
396810
347035
340837
419192
334535
28971
336049
180863
287904
399173
390051
362227
423360
354216
25199
430293
104776
432524
381018
345922
11023
425100
419430
311324
399612
446829
28448
157841
5257
214256
383538
297160
333667
365942
47971
284753
362105
269057
263115
18125
31037
455252
450509
369524
449503
388333
407775
321612
40158
163848
53102
10377
393732
345938
397837
336011
315
326602
452571
76500
48350
347944
1727
331161
389630
97975
141824
60363
347757
251852
16915
232
413052
283378
348389
378018
388191
341174
378441
9932
437291
381289
14564
334524
6917
363579
36206
452134
381058
390592
340676
351281
321757
42305
385383
313369
41586
385736
397243
244101
11454
44594
57834
342473
408272
418588
352501
447113
445993
408647
324542
310307
423246
390353
864
20539
345009
381288
36645
10297
18978
28363
28175
10477
395797
402423
324560
334543
413417
416166
262841
292280
14801
413658
397415
405882
381284
370755
173897
405535
336149
388202
347026
382542
330459
388399
356305
68730
342737
241258
374052
121856
346672
384682
259695
335797
376290
293452
339405
401061
391975
385737
305943
393457
353979
411632
274870
397514
404378
259316
345920
256569
374473
435473
8987
423627
442094
258230
338964
334541
324786
18031
33762
351964
356901
332979
392820
31671
51681
37571
376660
39295
347674
411221
364540
329865
374251
376866
296523
371560
398841
43788
43882
390584
412452
334532
277834
329981
291328
284052
376867
369885
325669
296063
337407
277353
340666
409502
343611
82944
363841
14554
317557
375366
270007
380124
345918
376453
262982
548607
360924
300667
409307
42814
31623
28758
3014
416572
11661
293767
333663
294795
387999
326285
408220
67221
9638
280922
340402
136799
436146
66193
353728
213681
431643
340103
352186
373247
283552
401544
335796
331313
345925
207932
346685
417820
340945
402334
262848
286567
339927
195590
42630
296524
417877
118664
376579
340485
335791
414866
369237
419548
339792
302401
338544
428696
325346
333484
40983
3075
360030
283366
332210
421313
422469
363676
390777
302946
339408
369883
368239
397278
379441
351211
66034
6
291874
388410
93018
381034
284564
402298
291356
396535
429574
22784
354979
310888
377264
95610
347033
10029
316268
297761
271969
413452
376501
358895
372411
356298
331583
407389
403642
32049
238751
352890
257117
253255
402100
301629
382399
324668
331588
294272
267935
300669
356161
338766
278924
313297
421725
342672
369032
422874
416149
109453
308266
328111
412924
339148
424182
184341
267192
355998
381170
340677
380734
409564
340611
308529
417056
336445
127380
55248
21955
46029
418243
168157
84558
374461
322240
223702
374617
351339
384450
400045
188927
376659
256335
332706
323599
354924
278313
334533
328387
270774
345911
396004
329025
391402
404133
252151
145161
284875
56171
502
57021
19508
47933
2362
10336
8197
13343
28452
258363
278925
329697
191698
3053
36191
11624
11386
276536
309886
398218
398891
392978
325789
278154
241259
366506
298583
43074
352695
336265
334538
316023
338353
400411
347630
371645
316727
347031
390734
258489
394661
385320
343284
360389
166659
20156
360339
576468
301365
204973
118621
355254
158999
285733
274285
346170
395938
274480
241842
21198
290727
356366
245627
402370
416086
380808
51471
358807
42569
119321
329718
403434
395883
368031
401222
299641
316152
302699
332567
414719
361042
339397
68735
246655
347123
337154
308531
35106
267852
415749
412519
898
8895
404947
356842
336833
205588
341012
318044
315664
89403
329556
10028
390512
359412
296360
271110
259693
119482
291351
301875
306650
25062
257345
402331
2575
326094
352179
391626
13193
382951
28260
11705
404961
291805
266882
333669
1553
10023
279096
340213
353326
333386
234004
353433
168098
296096
376651
301804
11546
11895
11825
10587
12118
10157
303858
354251
410259
302037
29032
59917
408755
312669
19185
290250
278927
26405
4457
37169
306966
37196
305276
1690
339342
339355
245913
29151
299780
405932
347642
347126
32048
10491
163392
19174
22092
7348
41462
81522
86689
21468
26483
980
399894
270010
290595
153518
201085
14135
17212
37635
353732
368940
42487
24909
342562
14055
398265
22073
14398
407518
311667
327528
307168
348390
262169
321974
308453
382322
342169
377587
342521
44692
11412
77173
11797
323262
353069
7303
227218
116
25196
23627
16093
43804
36960
3595
49988
22559
42668
122208
165078
17921
220
28162
369557
332806
254302
15482
580
1412
8009
19556
9044
5894
301348
42872
303991
316000
316002
46441
9757
313922
11199
378200
295699
298584
262504
13252
4347
36419
339934
512
25468
29570
13576
13192
14774
1492
403214
209112
38060
27895
11165
13257
103071
55457
28264
32100
37247
33408
71881
29845
36949
26234
18764
11916
10867
21641
11637
112687
61302
396
20762
274504
37960
30462
9449
24420
396330
10096
29070
107327
16263
29343
12312
11283
21484
2088
2071
283596
347647
382651
22135
11030
7006
277687
55078
347752
354908
354534
302156
394223
382052
323676
326423
325348
9092
579
10675
9879
11121
488
42620
42744
25528
15300
9292
85198
10126
18316
9409
273187
297806
257440
324807
293941
362373
328070
344854
389425
277710
378373
403232
9703
40739
3090
3109
27554
10747
177
345875
330068
14367
31894
28663
27036
30194
31906
29078
76344
41144
332721
402046
967
333352
41374
16659
325263
337960
11064
27983
126954
29161
10879
318781
385722
140300
302688
319888
245703
1662
33423
13909
38765
18771
301
12412
42151
398289
186759
300654
15255
293572
136611
267931
37055
15070
10687
5691
11323
27281
333371
377878
356334
347847
356841
267193
314385
53949
9924
35371
11551
19361
51036
383121
118911
333112
37606
10750
40842
922
363889
384737
322518
180299
339984
13092
9386
279641
12524
297291
10607
280092
8769
51054
22994
89139
16379
83802
318850
35073
15189
320588
23739
24249
267860
324289
355499
10354
364116
9405
80368
49249
33680
872
759
118915
10995
11426
300671
291270
333385
270487
381214
28005
96635
157827
30287
367416
9072
10403
10923
9437
11385
15144
36614
7555
16402
11152
5279
356149
87151
51209
14550
6003
18900
43920
42296
2623
704
83292
21631
23954
78093
398581
21191
347881
19829
10739
81179
14571
192577
28227
14580
9040
9754
11694
1370
31453
1369
279690
366901
370097
384798
245891
370234
269149
273899
58431
205584
17131
101669
20758
11187
11186
10585
22633
27346
10823
15163
323677
324986
141418
146198
19904
259694
300673
329833
705
10128
13279
23587
665
39210
13173
21876
35976
61650
60307
323366
16164
2756
15999
173
20863
16969
59201
332411
396104
5683
2157
12245
335778
346651
291870
310131
98514
43092
43727
14412
347945
347849
193223
360150
392536
305024
38322
17984
71677
3472
9374
79
29592
38996
4858
30302
38319
293660
321258
37943
39918
19415
14443
15208
129597
8920
70345
74325
44399
606
14873
9325
370691
291290
13763
335409
329010
320146
352208
288171
330483
339928
10162
14299
28797
15242
3060
56167
24153
226
319070
32593
77029
274479
11232
86305
6435
36778
2768
34376
10019
110202
9434
35939
78507
45211
2322
45714
11469
31598
292014
280617
14689
16363
289536
60631
42541
55539
18502
46148
47914
38665
51619
336313
323694
2019
321769
392051
359624
91683
4939
40894
1633
306947
10063
22029
39890
28437
227603
339669
145942
16235
85163
8067
257087
329004
287903
32726
27813
11535
8512
14926
55306
31618
11327
1857
13384
61487
20379
357096
129126
21717
14034
344593
281957
299687
321751
351819
13793
41857
15927
284
346646
9493
8831
381108
323675
15374
39988
14142
9423
12721
13509
76140
5733
157386
8141
82510
10784
3877
301608
6069
15462
373314
21148
15357
10785
27130
276905
362180
277713
216580
38171
1715
11018
49370
814
334028
51996
12639
24655
19599
88359
31583
9424
174751
270064
11897
82144
17824
52736
20187
375963
40353
146
379291
117179
26306
301325
41574
10658
18983
99189
329020
11850
32080
329440
300467
28389
29715
388862
376938
39435
222220
907
17470
334088
355309
10684
38805
332704
237584
354110
140607
259943
94608
39922
94069
34312
83613
57665
4933
309013
376311
353257
15049
70387
360404
12619
10670
437
8874
65891
63512
73194
387892
320048
56715
271397
320420
31503
11576
30117
3172
31281
5896
9355
16131
13993
157375
14063
31127
87704
74343
323792
259958
74747
15212
84209
2054
207936
241261
15983
302666
382581
381167
83
6470
331962
257088
39274
11016
22733
14857
179150
41774
131634
342474
337663
433
14811
328901
315855
45795
20842
9846
321741
274167
105965
377897
22595
329829
294562
2977
40451
44921
300602
273248
383140
30278
65374
340835
266294
333674
26408
312831
318922
81900
12411
54540
14405
251387
285840
968
12182
50779
61708
12921
11706
89662
40760
18905
373451
11548
42661
37481
12590
9610
687
11902
42603
25508
11462
258509
318846
339790
46875
78381
1936
83007
54109
33468
366656
159095
59726
9774
1770
1252
18252
2617
328589
51994
9904
23520
18971
47003
43443
113905
363683
13018
1673
227973
79683
11356
77076
364708
228066
139349
83147
344041
9824
362703
300792
1365
382517
298382
5753
3175
9398
205775
365764
5752
25748
109230
125268
103747
40737
42636
74471
167073
258480
12109
37292
309298
58792
18287
3089
296100
257444
6591
63409
306819
264644
667
26369
324320
910
2577
11935
289191
554678
121927
11503
10427
4296
43266
346494
382512
341050
44032
193613
295698
302036
36550
324803
367551
318224
382657
10513
891
14628
2143
46837
9035
28733
27244
312221
66121
10083
34459
272548
86068
40837
157843
246133
339715
326425
12129
334531
314365
301417
254320
290751
13370
350802
31943
11228
1696
12661
58799
178522
11074
938
9342
10242
26573
10179
105864
52633
45219
115054
243352
15157
15322
9387
9549
15347
50717
21027
17339
3682
381491
860
331352
7220
378385
334682
287284
339345
294016
321697
42949
303857
27349
360799
10633
293646
26505
82819
14709
74826
33166
277796
4952
129455
9899
41124
10386
83972
316042
22527
9956
324253
79103
46452
9539
333348
193603
40208
230645
296130
10375
218784
42114
339547
309304
32686
40377
93676
22383
18871
290632
2142
16249
9918
15876
356905
78229
323435
149232
11449
81185
290762
241257
40856
225728
14180
14886
334527
337958
14821
252328
362057
306745
127696
353378
283161
271736
455
253414
245168
9573
274854
333387
9588
366924
81120
10317
261023
5722
284284
19072
370071
123
347760
9609
283235
222662
33766
322443
38842
8273
2770
2105
296098
42328
9905
244562
255343
14181
313867
64605
10601
206647
255491
276907
355264
300693
27866
10208
11248
41464
326359
11873
312158
266639
323373
262165
300153
537278
26452
257445
272878
254172
180894
11843
300168
285423
235093
283350
36685
14636
171424
9763
275696
291851
27
339527
371003
362230
47892
277216
331190
86835
309299
330112
333596
257211
44326
277546
311291
362538
42594
38152
128207
257
347924
11153
16820
60550
306622
336016
362430
36850
159824
913
1541
244539
46797
288036
273477
373321
273481
285783
361159
298312
364832
358922
368256
295964
353610
250124
345468
39414
340275
286217
146301
360055
43461
15596
276712
19186
341077
5689
6477
2989
55819
15969
282984
325173
253412
232572
283445
332502
348689
348296
54523
107412
35052
2749
347969
149592
149509
351901
13776
11615
858
86597
245698
304372
336004
301351
266647
73588
22007
22175
77785
14833
346401
61105
4437
371332
302026
2539
283587
350505
299553
320433
46885
117974
73307
30593
330115
371250
294963
323272
172469
261820
338676
302042
309245
81440
256561
360203
9548
324277
14240
9785
11238
86828
237200
10833
353345
346079
192767
9400
194722
20713
2609
254472
12207
123772
9087
4032
32998
10925
9945
590
292431
63139
26811
17258
26170
309809
353686
331781
309242
343795
319067
287948
294254
102899
308032
324308
651
310137
249070
214756
311539
320586
310593
291549
19200
41281
3547
319076
19345
427
995
318279
346
317981
323901
361931
261392
308084
249688
275601
346808
83384
341996
335970
293970
134048
11654
57103
338103
41312
13938
2614
285843
39991
99861
188222
172828
296178
251321
254905
40682
166424
290637
280996
271718
192141
328425
211672
296099
203801
238615
203273
325133
39578
43012
209185
236399
31952
278955
14223
8738
310133
21137
291272
253406
33642
351043
117978
158852
246127
45225
308369
264999
243688
44848
348811
295196
12239
19542
297621
212748
977
289232
220476
12778
11384
312793
135397
254128
87101
52620
80624
28775
14140
38940
19971
29106
362046
150084
291151
17221
19119
318954
76929
468
244316
293901
307081
299245
353125
8748
44945
39513
425
69
143
939
678
26652
11683
244786
29228
17889
2640
34276
256961
655
37193
30708
10956
90728
27854
13680
1092
2748
60759
42702
18988
254024
12684
181283
38775
268920
277685
24128
49126
256962
109949
28752
177677
362185
252990
157544
298653
193687
13549
27179
56539
7270
301816
241843
37737
16410
1701
13669
185567
38317
19908
332488
219247
153509
206213
254474
285135
1949
97630
6795
133931
10358
9489
7797
301228
2453
27207
9024
77821
108614
75910
342927
13075
12144
277688
5175
42700
289214
389
28170
171019
12521
150540
217057
290542
83899
84355
215379
11967
3034
57157
237
1819
73500
66767
10661
137528
41515
10201
10269
11609
17610
3087
11679
7451
36658
26865
32569
73454
36668
2080
49538
127585
36657
290999
125509
71672
23823
9902
13186
158990
83186
82690
57165
20178
72190
1852
3525
214075
39309
15359
59457
304357
290555
10725
262840
9885
199534
10395
9281
44932
10762
12582
13446
40251
17994
60270
231576
137321
39013
51162
28966
12100
55725
11823
252
185460
8487
617
82311
5203
337218
13971
265208
483
228970
256740
118677
246743
22787
33592
117251
47955
283563
191646
157825
252512
16523
232679
1608
13477
639
45964
63492
3681
1587
3981
246741
276843
76494
128248
127373
212716
9029
12159
1088
147747
2171
138832
8942
253287
93828
205724
14905
197696
284537
11814
79120
9522
10590
94356
309049
2001
71859
74465
159128
204255
11170
8873
8872
31509
9804
55787
13183
267863
187596
7553
245589
135451
9271
91550
39834
55309
12122
132064
100542
837
43028
307663
159117
267806
84348
70706
426
291533
70418
324382
59440
82654
37412
246013
256601
74
57212
60551
10431
8909
50647
10681
33909
10673
77951
11358
25473
11808
9877
145197
58244
22947
14160
8090
38199
44048
10027
48138
122857
9349
9829
102051
33
127370
239573
2251
38234
11678
177494
328214
225747
180948
11419
7461
1903
11452
7131
73935
40264
203739
167733
2253
37861
32856
10294
752
14475
12437
834
52520
277
80195
10934
97370
242093
128311
3512
8845
12503
82620
2616
227306
9741
9920
11959
10155
3536
76543
175555
286554
5241
254772
5767
9910
664
1923
8966
121642
63
246403
260202
9796
77950
46838
79628
245706
319
36955
44264
32077
652
87825
7446
20526
97
85542
46665
23202
25438
26466
70578
9362
9016
78047
138976
44435
199723
862
322061
261273
59108
13570
154282
11194
64635
861
253477
111374
10718
5052
744
284296
9576
23023
150229
43930
714
6687
13387
9335
8373
38356
91314
1858
157353
40740
5677
13291
627
2034
1900
1621
203819
290764
50275
10193
863
11969
55691
2189
60293
25385
60281
25934
595
1273
597
16535
49517
25475
297270
44683
13179
212063
9562
257206
273271
89492
8092
192145
9378
184098
67660
11524
8337
180296
27429
34732
199575
80337
544
7345
45054
28498
157834
86616
12163
36819
31179
327445
11707
9812
25361
202575
13339
245169
6415
76338
10195
18774
53487
59962
239678
109414
11798
10017
107985
289716
36643
11307
83686
22490
65086
288158
65599
76170
7978
106646
630
14815
9708
23506
16307
65760
87178
11003
252838
254047
6963
147773
49009
28916
225935
10663
54318
256917
80035
46528
249
42664
233
13990
72570
290730
244458
54013
53868
1644
629
117
40241
13573
14254
16373
18972
13788
20943
192149
18239
24021
50619
46221
157351
37165
11219
46584
242088
253279
8967
4108
3482
28169
28165
15239
23168
29030
129139
2135
2134
76489
52451
28285
1090
60935
1091
8741
14285
266856
83727
10781
30497
218
594
6844
44638
38432
44334
1213
10199
18487
297608
32045
185755
41210
33564
10217
116613
16561
56831
4614
5121
10665
38166
225703
691
23172
75363
228165
8285
2636
15121
159615
27022
73203
74536
116745
268238
127651
35233
13486
78049
9334
11371
224076
110146
13767
9021
11395
11528
98339
266285
10170
10159
23514
9428
37799
67748
41513
77931
299464
16176
86101
244772
9913
745
57431
239562
274
242095
9882
42701
694
278
194101
51739
157845
16323
49950
17473
6723
10186
9802
20766
11403
48171
356216
270302
9927
565
209406
289727
77879
227094
214703
169800
11135
10393
1245
280002
22752
5928
339992
1647
24122
8055
56135
70436
29056
11975
127560
94329
7341
193612
10176
12106
24580
282813
1402
73907
238636
158015
18240
5185
2493
10198
241254
5179
1124
11851
54700
161321
11027
9922
272692
77883
32081
5255
97367
47090
50503
72197
175112
12096
15159
936
423
169881
10606
9833
86962
84892
251979
2133
66195
13122
20540
239845
2024
615
10794
82390
32255
15139
228358
111440
31606
10022
227
241765
207475
1933
193610
27581
12184
35280
92272
89008
33831
242090
10796
794
32615
71864
9327
18331
49852
227783
77234
3594
254904
11036
113833
622
18910
9479
42648
74352
43539
11231
11400
34636
1642
11393
192
20482
70588
64328
11176
10437
1735
1734
268508
564
253272
57993
226124
966
101731
4553
174675
77877
79698
7980
209249
12177
14136
330
2982
1547
34813
104755
121
122
120
73723
8270
281418
158914
9291
206821
228205
9289
14807
57201
72784
2760
35247
708
260535
10897
10144
276844
9732
8587
11430
604
603
309199
68722
854
203591
32093
8975
27310
97430
321494
682
147764
9414
9313
51608
18264
13363
11086
24271
214091
21159
53505
1523
57901
38450
206296
146203
38358
190847
16980
9319
27088
10196
2044
3766
136386
45269
156700
4349
50348
421
162145
137106
1656
233423
188207
15982
44249
63493
8698
13825
243940
106717
11884
76640
35690
25284
616
9361
80318
11120
123553
152760
222911
10466
5876
42252
6028
203186
10414
28089
10313
11623
10610
27582
19403
4543
198663
605
228967
179
116741
4959
9008
158908
9806
31682
1724
124459
69798
242022
84287
80278
152599
205596
1491
10316
279914
336598
68812
12162
38662
10400
231474
70954
1669
131631
101299
70160
228194
10545
254023
185267
40229
2259
42452
12620
11791
72710
262
120399
16520
14638
39781
10098
26583
10495
8856
38575
1885
205587
6471
9667
4824
9654
1635
71688
23082
281524
111473
264656
1581
74394
57158
122917
49051
7453
58626
19621
17599
18477
9792
50014
136795
9038
11772
30137
10756
229182
228558
7514
16311
8645
109439
45243
18785
11087
15495
77586
288463
266396
82687
241848
4643
1977
1970
1975
18129
75174
497
40805
15487
11583
13922
64682
5925
914
14047
16279
25767
120467
9340
429
1247
250538
39037
2268
101030
962
242
240
238
17729
72031
227156
65754
2762
10591
2046
100046
11439
5916
13333
2649
284536
12611
52485
9427
199373
987
25680
1051
169865
22824
1381
270672
255157
101325
1729
42245
790
9426
256273
76758
888
72207
127916
84199
37233
9030
138103
27578
76163
11587
9552
8643
3124
764
156022
73818
174321
409
10649
46625
128540
11532
330590
312316
4288
125414
19912
15266
9433
45317
162903
18
222935
9615
9799
62127
73846
5994
112205
14784
9276
39219
136911
214086
10875
87499
49494
250225
272693
12783
263986
154400
2153
1278
59447
146015
73499
1944
20681
26142
296138
157829
276401
275060
119698
76493
2576
191820
70386
32122
173980
220471
62630
350
76487
135647
34480
65057
1422
9392
16113
11778
24936
48289
10425
11336
10651
214464
10200
28430
166452
435
84226
71469
44041
49026
155
10349
258086
591
4922
260203
9495
27526
49519
29427
9100
9954
11362
109091
9455
9341
7452
59018
1985
60309
138843
152795
87496
199647
589879
178809
21407
134597
77948
339060
275985
238215
86215
10742
240629
28978
2789
10140
411
2454
20139
226354
49520
177203
9042
244761
265010
109729
170687
2503
2502
49040
2501
27573
22821
8374
203833
228326
199153
20504
33721
9481
619
525
9599
96936
22881
45273
77953
119819
158011
22970
1954
24124
57331
11974
7350
4442
21755
254559
688
826
23220
2108
9767
34377
241251
14574
74534
59419
9957
11402
220677
32076
50780
54803
1907
177221
10474
8848
29376
242076
274172
34806
215962
98066
242224
77949
2567
24428
9320
299551
2900
74643
11398
209247
64678
214083
18590
18660
181095
79694
269173
55931
152790
10514
10065
216016
42791
27579
1930
102382
10436
17578
14506
227707
38050
2907
17965
193726
34544
15515
8452
6957
111208
1911
57118
87428
12708
26771
225565
9388
72477
76617
284689
48669
534
296
280
10396
27135
286548
79516
98566
72105
31601
103
2667
218855
116983
9676
8747
571
73937
9968
87567
42640
16121
115
9448
11028
19974
12560
15433
152742
239571
146304
44697
121734
70008
81859
72525
231
4960
228496
9705
313074
18444
46534
13885
9257
14685
204761
334074
15566
19959
9408
11045
230222
37135
9077
10627
257447
9067
9618
38757
226486
9718
9059
66892
11081
22907
260346
8681
82675
64720
50725
10384
209416
13640
45162
103269
166076
1452
11411
9531
8536
1924
325358
8363
39939
9607
37686
45132
1272
45938
10279
845
245846
1262
128217
232898
9876
207933
21338
44113
222890
1931
33473
127493
86825
115210
11601
128215
284293
15542
10307
180951
16305
81694
54008
10650
23629
49020
1792
111969
10996
10137
264227
10890
271651
227300
85373
22172
1266
58625
64639
85446
243683
41233
9762
8328
12133
27786
10048
8066
16995
136476
27686
9384
114478
11127
10304
563
277778
209276
91679
2164
2270
22049
1892
1891
1895
1894
1893
11
174
172
152
201
168
54138
200
157
154
193
199
13475
121824
235
52015
156597
96378
239563
25241
56288
12279
10054
9488
1535
317953
61410
200580
199782
122081
241855
13006
9473
45612
43959
253333
26688
19094
41889
38985
15764
244783
110416
235260
294652
16633
236329
49022
249923
253344
80468
32985
37707
16444
9023
559
557
558
10153
1639
9348
7459
15058
1637
88012
73575
171776
264337
957
188507
2300
5551
29996
112304
9425
36677
236324
93837
227655
110415
58595
134411
107
326
8688
217719
7516
84341
39477
249266
14662
12405
223485
867
24029
12498
2668
7442
275318
64586
10882
819
13567
11590
42684
37724
11459
5137
14258
14219
302135
104111
6279
2005
82507
11068
54415
44126
11940
189
187
11509
11558
82693
24206
224944
27414
139455
92182
61012
588
2675
9675
109421
308867
11324
810
381696
10192
808
809
10802
39419
169813
2605
7485
4141
26680
30080
38295
34016
10314
11826
225886
13523
251266
68737
86838
11321
278990
70586
277847
336605
16320
9778
13249
14877
41558
43136
13260
273895
74998
58574
10528
263109
747
30694
14664
331446
205321
248504
65055
6038
38407
76025
9889
24702
4380
1934
479
176570
84336
88005
283327
11185
10007
193645
11159
1586
75258
19167
23047
230917
239568
101962
260063
807
9647
42466
41446
4234
4233
4232
22538
242033
258893
1584
36741
424
9475
172847
4258
4247
111
40168
22804
11917
663
214
215
41439
176
857
140823
207871
82525
19761
213826
299400
13764
167960
18712
48340
339533
8693
51995
27576
81025
294690
7364
84332
59961
112949
72387
32646
144336
9530
319924
11545
191824
5174
2109
96721
7304
15698
146238
104
7942
241554
224087
2800
14534
244403
103332
10220
222649
84330
8195
10412
2085
9611
91745
119415
11484
15373
1779
13441
1375
1371
1367
1246
1366
13809
309193
12508
80585
9928
84329
187462
5550
97020
5549
5548
8367
20662
11886
17696
243935
224301
21024
333545
9285
4147
268060
10135
56537
61791
81188
13054
49524
28023
32560
46195
172385
13389
59058
60555
168530
87421
174340
256690
10851
4148
14052
286709
40761
14249
136585
172386
73936
47760
13155
121606
96944
71679
7737
13648
133121
1577
35791
1576
500
9952
641
31867
10596
10553
10637
23169
84449
2155
6278
50714
190469
72431
48572
9626
291081
49730
8870
75638
9533
66125
60747
1880
292850
256876
39514
146216
91333
286654
221
240916
2788
39254
251994
26178
174682
228550
1677
10212
2062
28161
174188
230453
44896
75622
250388
62463
380
340855
85
1578
242310
268386
30890
13836
29437
11450
11979
121826
13812
10764
27726
417859
13455
58936
22627
139659
26956
166248
83939
13056
252830
72432
8051
26515
5205
680
253332
11322
41445
12662
10576
11252
539
6023
211065
9777
14904
133694
70981
8617
36599
51588
57214
18410
227719
21519
241958
146233
128
9543
2313
1592
38321
4348
13150
234200
27857
114
32969
80957
49526
206487
34851
169
106
202083
17740
326284
245685
20849
244852
503
9503
221321
76649
11133
609
31102
9336
147177
298093
1089
26039
248
13761
10530
215881
36521
251783
277547
77875
825
20761
792
208869
1992
869
871
218836
151960
257344
114150
254470
2787
92378
22
1865
58
285
11483
18947
71668
43593
10895
246011
10189
18755
9413
11020
25955
473
41938
1817
205220
9800
10693
43321
257521
1427
262742
10538
270654
202141
209262
119283
33710
88042
77174
185474
222264
227348
82990
72571
23827
41436
115348
23916
152756
5924
26606
206192
51999
282659
32657
76285
98548
43795
270946
72359
676
9620
2112
199420
165739
14560
9869
199578
975
1534
41965
286565
11293
173294
78294
19898
192132
134374
13098
116149
68726
261047
68728
55343
100183
10529
289720
6950
136405
2116
164457
105781
34563
242512
47697
21208
2057
12490
35004
9660
151368
9592
51170
7484
13690
2055
215830
152603
77987
43832
75720
122924
9357
54054
510
6072
164558
51828
209361
527
335
1428
188313
311
19064
5723
31516
83770
29577
35412
668
11816
117263
305141
87516
22660
11635
26518
22949
13936
100544
1542
122044
279817
157547
700
13466
163
298
161
22832
10488
242582
20481
49352
160139
287940
339
190829
24925
24924
157823
19201
147230
151193
181533
18360
1593
27418
10471
248774
75612
134
249397
279973
75656
509
14410
303
258864
14637
6404
286873
297265
225574
86834
41630
136835
6977
110112
1738
62838
11596
10952
48781
36670
42188
20304
8456
24230
195589
136797
129670
241
6637
2059
11078
11022
8193
11172
179822
236
4176
145220
612
10990
1018
10674
103731
256030
91739
22171
788
262340
245700
58224
82703
53834
31011
10855
101724
347096
322
199818
75900
2193
4474
43931
10024
282296
272160
201676
3088
2830
58728
14435
39874
8346
13596
787
26173
174678
191037
2022
3432
1268
18722
87818
824
157384
37080
289239
210860
9823
9312
38357
122160
2039
83666
698
42134
17431
59860
15512
62211
585
145221
9297
324963
134632
504
29787
60308
159667
3082
10339
41823
1632
2067
956
955
56292
954
12764
15379
15600
261037
228676
13515
62764
14292
180
45779
16617
70
198185
379
10139
11422
12617
59436
21385
4566
14931
36800
40160
11401
10207
8838
13722
277597
80177
9516
11978
61370
608
41154
607
10169
12651
1904
77
62215
38055
246594
17911
1267
1597
693
264480
297
11260
203
26103
10625
2123
228203
214140
261103
157380
9980
118683
13051
10830
76424
8619
24238
295144
15919
50837
50321
75
2321
506
14306
90125
84309
50839
44754
157851
326434
103620
192136
134653
53101
43319
1850
9509
49527
49521
22404
11631
132232
27342
2293
2246
109706
102651
1883
167153
212769
10648
334
13457
77930
139519
61868
229297
103370
10761
10527
80321
953
76341
8810
9659
10433
25870
45610
106747
23631
37931
11316
104859
240832
214096
186
70585
319389
74505
77805
52109
200727
43347
270643
271714
4975
244268
25643
14736
150015
18966
508
54320
41382
167810
153
638
241766
1830
9960
8973
11387
79465
59967
10715
39995
193756
48838
9769
80271
81796
210479
100
2324
1571
253
10776
773
39451
27899
1689
141614
244260
9399
72976
51876
248212
11544
60420
214218
87827
209189
583
201550
66150
38408
244566
6522
14938
2959
709
84306
196305
1624
91070
127962
37056
300706
193893
944
943
942
941
276488
41402
82695
126172
18011
19288
19287
19286
18009
11811
101
11774
280000
22894
4476
41216
11976
8835
10327
218043
23677
132363
451
250578
25195
209350
4836
84305
947
82633
22803
254193
137093
104329
130774
9333
201749
73819
308504
135461
37923
9593
6615
59861
1995
18162
252102
44037
17038
9825
244264
10340
11128
13597
130150
33060
2118
321662
319075
9502
49444
9470
30644
244563
849
248561
12102
13811
4964
55859
263472
37834
157919
192712
15647
11703
53021
34857
5236
207703
80027
11543
1495
295723
47853
254
10730
96394
9477
951
64689
77663
332356
37821
73567
49021
157370
245916
14452
237756
74725
150230
393
24
228968
212231
10222
23483
59859
172391
29710
101267
287525
167
8665
229296
54518
217993
14011
76589
12090
50546
10033
9061
258099
15936
347064
331
329
76757
7326
93094
6280
23033
8247
8844
24803
84228
278632
157115
821
9482
259074
10866
40430
88751
11571
303665
72545
20533
9886
16328
58233
9486
114593
9293
8470
253849
49529
157847
191720
115782
52653
289728
9279
262958
192133
820
220746
288154
209451
9390
19994
10424
82532
8922
2294
578
174645
11470
10225
10285
11533
25
38684
22744
233470
31995
2291
166161
184
273641
208134
65851
81005
55150
11652
22954
31909
63207
224141
5915
216282
163875
11968
628
118737
157336
262500
320
91586
49018
141524
388
86829
71880
88794
43923
22897
1585
3078
270303
25967
223902
54801
42626
38543
10679
169934
68721
1726
10138
14756
37472
55150
1730
87835
2309
133463
1908
171274
16869
113655
301728
22476
184710
159008
87
89
217
602
4478
27205
82743
156268
82743
156268
49530
80410
7984
2654
19833
256474
172226
1126
11931
8321
157360
241930
37958
5552
34148
47921
75204
207883
34783
310121
109843
273404
249164
6552
7512
109431
2832
339503
255692
950
8355
57800
79218
216374
279997
3600
43947
2048
244267
3563
292127
8952
16538
19840
3597
150117
100241
128081
259453
298445
10950
46529
6479
293262
75802
87504
86274
10360
90232
1927
44826
107020
10191
82702
3001
124071
9919
8871
162215
42888
253306
232888
287601
11377
15856
10066
226360
23439
11093
204904
191137
2662
82505
172803
14882
76492
205
256742
23048
243938
10074
4638
71670
1691
2026
12222
285549
69961
30934
51540
227159
82696
50359
16214
14275
879
12518
254191
204082
276839
176124
13700
772
771
228161
27945
45022
9713
172792
34101
27412
9383
13485
127548
10439
1620
112336
8488
109513
119117
21362
48954
163710
11096
47869
2023
85126
94363
42257
10184
44603
87826
277594
5227
184315
11970
152601
10705
17993
70584
12597
11569
8766
9003
84281
244536
11253
1487
9064
13300
22572
159092
254375
11827
285024
236751
278334
949
42449
10015
38615
233487
9469
280127
70435
166271
128655
146243
209271
10592
7873
671
673
675
767
674
12445
12444
672
25941
8989
11282
13335
112456
22094
9650
2652
47218
9614
65759
9836
60304
165864
1248
9740
50456
22178
53045
8960
192538
10264
10652
10987
10676
24150
11281
2082
948
48988
2976
239056
10428
10432
28178
297702
106238
258750
18671
38745
42518
11638
118340
64807
38365
109418
137
9766
928
927
21764
27583
22972
8923
65291
44912
621
49047
50698
134366
9900
220286
13223
27420
215211
11161
84204
4970
8289
74387
769
201066
489
130593
262338
801
10030
253626
770
9679
210577
4771
79548
710
38073
124905
929
244517
249660
37079
93449
179340
245859
74306
45772
9665
9504
98
3635
72890
312791
129385
9871
232175
14869
72559
4421
10016
12556
2978
620
1548
9645
216539
71676
1250
251
123928
146227
80389
11665
10060
239566
211528
32823
257091
10461
1485
179159
18292
207021
174323
782
21882
401
12601
82682
3131
783
18501
91010
97434
46429
11646
926
9873
228150
168259
20829
39282
7552
600
15186
157354
109445
44363
11499
259611
291865
26389
768
755
18274
58151
214597
80038
50544
9730
10283
10281
9728
9725
9731
13207
4488
13416
10634
140403
10559
218425
573
305044
76101
122800
1646
287415
175574
11284
6466
168027
8884
62214
3036
171372
12149
6145
101998
32020
87492
5
37495
12193
8292
132236
138941
14837
13
64288
183433
43949
9315
11866
10122
87502
9749
3043
13195
31582
1551
3604
18639
3683
222581
16759
51794
1368
12715
11495
17927
9870
63988
25670
148526
830
699
25221
140456
68817
8676
35227
18570
18643
256591
62046
29372
9664
11076
9574
15658
139567
169607
866
12
647
2114
40469
55779
9286
9532
9358
85889
210274
17336
550
216015
12145
254426
2323
11431
49948
756
84050
13532
5854
37094
270938
6877
1714
214030
12271
754
43003
345
64685
265016
279988
172785
11026
11586
9377
209269
54000
14313
10443
295441
287524
1878
99223
16993
82914
41283
82992
13804
51497
275
3469
10315
9738
1979
147441
10877
124470
2320
84194
11527
29917
264660
9397
4193
224951
765
109428
198210
92395
260107
45658
9716
26171
15417
277355
8413
2698
9352
11418
174772
38
601
107846
158752
1687
68179
1103
10734
127542
121565
985
106021
2486
7299
74915
116711
1844
9461
176077
209263
9798
11864
26278
853
181886
226857
80274
77016
9727
10406
9794
169209
13531
10110
42218
127372
224908
18392
68724
268171
4517
10719
57585
9947
9451
102629
266433
9036
114155
162
137113
12201
96599
522
328763
38167
277610
18391
37735
2252
238603
13027
43935
297596
16558
841
11360
8467
100042
18074
1403
839
41733
8859
76820
13497
27362
4954
228933
403
256092
47327
64690
172533
8457
137968
11033
49049
6171
69668
238301
16398
300803
8840
224003
14164
10423
257932
16871
200505
49017
243901
218266
6114
33521
935
18250
14359
2436
23488
308639
13460
8814
102855
12103
44936
39867
46261
141
9366
138697
9923
12700
192134
62837
227735
24341
1832
9472
87489
3050
250577
9053
213711
279972
29067
332309
1572
1573
562
36669
24438
13025
82650
33217
681
521
186889
169219
152792
79316
1813
119478
44040
68718
115446
157350
8271
17654
61391
258784
127517
200094
330993
13805
159004
56965
984
10677
88
10567
249170
136793
38778
9781
139715
74308
20352
93456
8130
31676
8068
77210
8999
100416
9739
146239
10669
184346
7551
8390
13813
276909
271665
8656
48751
180688
8914
177047
11835
156717
10483
51620
1991
4192
128558
91551
280923
2196
114750
22971
36334
97614
183412
14001
114789
263416
22543
207
70199
190899
9442
12877
102362
151933
763
76420
9571
2119
58446
19901
8408
119450
924
581
7211
82533
152532
255476
138943
278316
10133
240745
276902
67087
28073
167032
9975
431
201086
157409
183662
26564
796
923
109667
11566
35056
99367
24134
235046
9556
27972
145135
62213
182560
39564
302287
178408
2666
19384
9480
9619
256924
298533
101173
14836
1710
188826
23742
27716
9584
245527
296392
77866
39538
686
561
8834
1688
20048
4912
37430
30787
283150
106135
9396
9671
8963
121498
50646
286657
1640
15092
1948
10623
6282
49849
21622
72213
19899
39043
49014
3933
22021
71682
80787
114606
14761
9874
16769
7214
333657
112454
7191
22794
109451
246860
83542
2288
146223
840
20649
9350
201847
35921
84188
40562
10999
9602
31657
276908
67772
92000
28180
62835
13493
13991
1538
172520
2289
244509
210047
220289
9339
2295
2292
133790
9331
95516
11564
18823
13600
795
901
34796
27601
15
52001
94352
42782
921
150689
11224
143901
218671
76726
5825
27230
240905
54075
262088
392
300686
28211
98567
829
72334
52685
25751
25752
9693
152736
7443
1574
93856
212778
358397
220486
48946
82684
84185
2255
9471
4327
6538
37950
41602
66592
118
27331
9443
198184
10435
12912
5289
1537
3580
3064
58232
116979
230779
23759
9759
87584
15278
59490
43397
10552
640
293633
75736
62368
57353
6075
72912
317744
109424
130461
18979
100402
1771
398
37309
215946
11950
8689
10824
4441
244506
44244
157832
14117
284276
273621
10142
8358
8737
8839
36557
45324
524
28355
289
920
49013
32105
5065
5066
133805
7342
7340
28100
72113
11977
11547
102780
270005
37598
73565
4944
42297
60095
26388
1942
11817
70074
169298
287
187010
268956
18480
310
7445
327
26390
18533
160220
98357
9208
109584
142
12762
1588
1265
55721
10521
11932
254473
9270
1058
158907
145
20283
8043
68
197
62177
27396
112090
85414
650
256969
85350
286519
39356
209504
9303
259963
24481
213927
74523
50081
154844
9431
496
145668
13053
78083
12113
2149
11507
31578
54931
46705
11001
188166
98369
160588
4133
116532
223732
55538
34023
11690
190955
919
211587
254126
220820
39700
270851
323474
28172
62132
1372
22164
55846
8338
234256
918
232672
11072
14347
14522
10497
194662
40016
136972
9536
11017
4889
1648
114574
22976
13636
6978
9600
78698
177572
587
87093
9032
189276
9955
36648
78
36586
36647
30566
68818
201088
115046
44214
7874
84178
4105
253331
175541
36349
855
18214
24804
105941
4104
1685
215931
43418
257874
12542
205601
285270
10322
492
78571
45830
119675
8007
259018
55347
198277
80
5001
132344
166822
2280
284289
241771
211088
25137
9722
90
137566
220494
13667
36567
238475
138222
309019
92591
260372
55890
5471
2310
204922
43566
4011
295887
9988
5559
10202
12335
1636
18209
15421
10020
9283
109491
38117
1281
4953
4551
257368
44833
3176
109417
44943
215814
1705
335077
19267
69735
40662
142061
123025
415
364
21683
414
272
242643
268
27816
27815
402
10782
134394
248574
242042
168903
11867
207769
13184
3170
25913
34942
21032
261857
118957
175528
322850
209403
33214
52449
143142
395
323660
19995
262543
6972
817
816
818
156711
5123
152737
232731
59678
32087
10865
23325
26398
254188
10147
11699
12143
258805
256731
8961
9737
94380
255268
251552
196
165
105
84174
12309
292191
9381
25898
1164
9598
4704
121789
110122
16577
184125
8978
17814
42716
208242
185497
117923
9691
326057
159024
212481
152745
2898
254258
83869
256274
268823
106833
269650
12690
50357
568
260163
256284
97795
17169
9563
105526
125490
207780
17609
290529
201132
252529
55420
61891
127374
51052
9992
49012
10204
215928
344796
766
4597
95
1073
68734
71254
209244
10172
60599
6488
60488
23030
9445
9535
9360
1947
18174
24137
2891
4978
296834
210024
279750
125558
11831
272602
11467
273651
23568
190859
71552
1359
26123
15739
22522
250546
96724
227700
183661
8469
274626
9506
57210
13448
249021
139997
33107
253235
9267
8699
109443
9535
9360
25682
25678
12500
313179
168672
73
250066
4982
14
276918
9045
216541
279
11352
55301
278086
126442
314065
269242
7457
5966
2043
241742
24615
222936
257442
210910
786
9710
183258
43316
56590
174311
231001
326215
210908
23706
250643
20856
679
8077
180109
8078
312526
258193
348
15162
12155
12092
8489
218778
1966
9978
94348
177699
812
258210
41409
9772
152748
115283
23847
3049
9273
25364
74544
332976
74777
98948
72331
130816
122906
222899
94901
259956
245
59965
10229
169917
707
644
26428
275619
297544
192813
246449
156708
198287
82700
118612
57586
8202
16614
297460
111190
144340
2757
10117
75674
4688
188161
286532
268536
874
8409
8976
141043
81390
65056
45156
11287
9476
59
139038
184345
9726
288281
286668
47964
17768
38138
227325
881
80255
101519
49504
48231
2984
108726
185
850
17979
174316
9487
276122
1607
278236
1358
4917
453
89326
12244
3489
65
252178
41505
127521
27759
296149
40807
19913
1824
150
64686
3062
109410
145738
2752
89455
5176
55465
1645
72358
159932
73861
3509
293
41780
214081
12403
10160
10131
10072
23437
10014
377
339312
248688
157849
241239
126757
58547
4951
176068
363805
246400
136400
584
9314
47817
11519
14902
16996
2207
3021
226269
155084
122369
44982
76203
79078
13654
7840
126757
58547
53182
1271
157058
62206
42941
4513
41662
190967
192102
1562
170
6557
137145
187017
37645
107811
64688
470
8065
277399